2.809616676015591707e+01 2.662100847973316675e+01 0.000000000000000000e+00
4.243920574237391996e-01 3.461487155047204567e+01 1.000000000000000000e+00
3.570519964049866246e+01 6.079424843462798123e+01 1.000000000000000000e+00
8.588359059695960251e-01 8.438071454609502098e+01 1.000000000000000000e+00
1.192316324431643082e+01 5.845371303397872964e+01 1.000000000000000000e+00
8.764951767303102770e+00 2.926971230238268973e+01 1.000000000000000000e+00
4.131080372336419515e+01 7.285770992805763058e+01 1.000000000000000000e+00
3.828029492185009275e+01 4.795020352690965382e+01 1.000000000000000000e+00
4.705530722857926662e+01 1.374500566079964692e+01 1.000000000000000000e+00
1.984383497560250476e+01 5.768514677022535153e+01 1.000000000000000000e+00
2.244412313611289278e+01 6.941912906525247706e+01 1.000000000000000000e+00
2.995465342329054081e+01 6.805988915306006959e+01 1.000000000000000000e+00
4.064868884127567128e+01 2.813940757635684520e+01 1.000000000000000000e+00
2.168029363174067115e+01 2.215258969383998533e+01 1.000000000000000000e+00
1.803201220339779098e+01 7.504185165386155631e+01 1.000000000000000000e+00
1.362792502818737717e+01 7.204674156298166565e+01 1.000000000000000000e+00
2.464396936052717280e+01 8.273612653245832860e+01 1.000000000000000000e+00
1.300728825881472517e+01 5.926574783266455881e+01 1.000000000000000000e+00
2.513934758763455690e+01 1.517106028134707074e-01 1.000000000000000000e+00
6.647724850541964159e+00 8.655312747628222780e+01 1.000000000000000000e+00
2.808132968852495281e+01 8.995664508012711735e+01 1.000000000000000000e+00
3.109887878974026876e+01 5.383195577663914833e+01 1.000000000000000000e+00
8.586771149627974609e+00 3.057204050576345367e+01 1.000000000000000000e+00
6.069557261584479946e+00 2.560205839138133399e+01 1.000000000000000000e+00
3.330005638674266244e+00 6.620962919095835275e+01 1.000000000000000000e+00
4.994542831657062720e+01 4.980027916097061791e+01 1.000000000000000000e+00
2.871982507390555384e+01 1.135914452116226769e+01 1.000000000000000000e+00
3.548915663843343893e+00 8.334624937688951718e+01 1.000000000000000000e+00
4.449547418510631758e+01 3.743469975632983449e+01 1.000000000000000000e+00
3.250852966154317869e+01 6.179800129192658176e+01 1.000000000000000000e+00
4.766963245696595664e+01 3.003204148379710148e+01 1.000000000000000000e+00
1.448741068207734983e+01 9.119473537019111120e+01 1.000000000000000000e+00
4.863881592859053171e+01 4.294538252572925074e+01 1.000000000000000000e+00
3.904160250127448251e+01 9.673857102284208054e+01 1.000000000000000000e+00
2.948195603390553643e+01 9.175983493741969710e+01 1.000000000000000000e+00
1.802438005723577774e+01 2.289163590476736942e+01 1.000000000000000000e+00
1.717461371236105450e+01 9.861577796901994475e+01 1.000000000000000000e+00
4.496947361546705935e+01 6.529405690450835209e+01 1.000000000000000000e+00
3.914586015415497400e+01 1.867672743573915994e+01 1.000000000000000000e+00
3.539619187749396190e+01 4.500700735672222663e+01 1.000000000000000000e+00
4.042383372274065323e+01 8.290354913990660179e+01 1.000000000000000000e+00
7.678222864907330525e+00 9.856209313527408256e+01 1.000000000000000000e+00
3.720352216697092729e+01 4.959961611315244490e+00 1.000000000000000000e+00
2.239172972832551167e+01 8.032805935295117195e+01 1.000000000000000000e+00
4.409899373416961055e+01 2.027525935788557732e+01 1.000000000000000000e+00
3.259676373202270838e+01 9.517047720803215327e+01 1.000000000000000000e+00
2.515063669623306453e+01 9.212752813334421376e+01 1.000000000000000000e+00
1.644139209979534400e+01 8.245848327802515598e+01 1.000000000000000000e+00
3.053016433069776880e+01 1.821454511156572664e+01 1.000000000000000000e+00
2.620842303074394763e+01 1.412549460666698842e+01 1.000000000000000000e+00
8.020717292474532911e+00 5.805290422931555128e+01 1.000000000000000000e+00
1.083556178943068105e+01 5.357128335830696031e+00 1.000000000000000000e+00
4.442471575955113394e+01 7.819382848075153447e+01 1.000000000000000000e+00
4.134264164528141805e+01 5.582257370995987600e+01 1.000000000000000000e+00
2.084357871721925193e+01 5.350591302337414845e+01 1.000000000000000000e+00
1.173410651251535697e+01 5.965919573695401823e+01 1.000000000000000000e+00
4.263516632057883271e+01 1.387395472871585334e+01 1.000000000000000000e+00
1.042888433378685775e+01 6.174615878640246081e+01 1.000000000000000000e+00
1.567239132969585569e+01 5.853521059839235363e+01 1.000000000000000000e+00
1.318369926797817726e+01 6.765833430726547704e+01 1.000000000000000000e+00
1.023328424575705142e+01 3.984588001547242442e+01 1.000000000000000000e+00
1.779562877856617931e+01 5.368632586548949348e+01 1.000000000000000000e+00
4.833350805006328699e+01 5.081038522687841663e+01 1.000000000000000000e+00
2.280565386526196647e+01 7.860928193830099531e+01 1.000000000000000000e+00
2.710626430280917987e+01 1.395012589132123004e+01 1.000000000000000000e+00
3.401734218670303989e+01 9.696300353878969247e+01 1.000000000000000000e+00
4.560928240528744482e+01 1.659804346835871414e+01 1.000000000000000000e+00
1.932858205761940340e+01 6.177567868138658014e+01 1.000000000000000000e+00
6.390846327871885002e+00 7.561988091585965321e+01 1.000000000000000000e+00
4.175606294254258444e+00 6.775373585807840016e+01 1.000000000000000000e+00
4.641737761397236284e+01 5.688925874797201132e+00 1.000000000000000000e+00
8.862026555478175638e+00 7.923037421462264973e+00 1.000000000000000000e+00
2.618381295439270673e+00 2.487106165224769327e+01 1.000000000000000000e+00
3.760058229966187326e+01 1.090573001615914350e+01 1.000000000000000000e+00
3.404854923537759959e+01 6.918171126100799029e+01 1.000000000000000000e+00
3.320799524377495260e+01 8.104296728201266831e+01 1.000000000000000000e+00
1.111517087675614768e+01 2.641679226098996480e+01 1.000000000000000000e+00
2.805240718200562711e+01 3.274100746275765417e+00 1.000000000000000000e+00
2.178852488505457785e+01 8.187580065140996055e+01 1.000000000000000000e+00
1.628729005452360212e+01 6.640285311085724729e+00 1.000000000000000000e+00
3.327483580619050230e+01 8.818543950105215856e+01 1.000000000000000000e+00
1.849652711662742632e+01 1.401156404019479140e+01 1.000000000000000000e+00
1.116390194678463210e+01 9.524948863942003641e+01 1.000000000000000000e+00
1.473818966045640799e+01 4.735777106538093051e+01 1.000000000000000000e+00
3.251448383889675142e+01 6.754069339936422978e+01 1.000000000000000000e+00
1.832861739320166805e+01 4.803003125306095455e+01 1.000000000000000000e+00
2.975397632835603545e+01 1.400877177492996140e+01 1.000000000000000000e+00
2.057673585976741393e+01 5.447944981901780892e+01 1.000000000000000000e+00
4.043846291251655600e+01 5.305061263070191302e+01 1.000000000000000000e+00
4.545159226751948722e+00 2.842106414326366348e+01 1.000000000000000000e+00
2.542739091142043151e+01 3.225509468340698049e+01 1.000000000000000000e+00
4.909286196724175255e+01 5.616818166796515754e+01 1.000000000000000000e+00
2.143727635626696326e+00 3.583026484446170912e+01 1.000000000000000000e+00
2.801172916429494464e+01 1.293808698220581022e+01 1.000000000000000000e+00
4.441813559037682069e+01 2.844493963763983402e+01 1.000000000000000000e+00
3.696431945487497472e+01 7.375321262373012132e+01 1.000000000000000000e+00
1.252792979262326512e+01 7.354554630946114457e+01 1.000000000000000000e+00
4.441979936785710237e+01 2.003806293226575264e+01 1.000000000000000000e+00
4.382188049799831475e+01 3.149050218638470611e+01 1.000000000000000000e+00
2.833807974937845842e+01 2.907801453293217264e+01 1.000000000000000000e+00
4.469126148243510954e+01 6.970778480636252539e+01 1.000000000000000000e+00
3.562746040083773380e+01 6.356963775235007574e+01 1.000000000000000000e+00
3.756592127857909702e+01 2.603811426730339207e+01 1.000000000000000000e+00
1.405018817706113410e+01 6.036259272851389568e+01 1.000000000000000000e+00
1.483147918735790505e+01 4.924504580760073935e+01 1.000000000000000000e+00
1.324246381504954329e+01 6.981025370874324665e+01 1.000000000000000000e+00
4.508077559304403081e+01 1.150091071367431717e-01 1.000000000000000000e+00
7.455067775773304817e+00 1.010744748421733519e+01 1.000000000000000000e+00
3.286471572467351621e+01 5.148399248927626459e+00 1.000000000000000000e+00
7.465576725311806605e+00 4.069809942160549099e+01 1.000000000000000000e+00
3.559339740248546491e+01 9.592095464548690131e+01 1.000000000000000000e+00
2.615066257830759966e+01 3.649277223584171992e+01 1.000000000000000000e+00
2.168521787404457513e+01 8.061325451168144696e+01 1.000000000000000000e+00
5.804054118339840862e-01 2.138268675500454208e+01 1.000000000000000000e+00
1.817277883749734357e+01 2.930868773955516104e+01 1.000000000000000000e+00
3.954887800243871254e+01 9.834670372073213684e+01 1.000000000000000000e+00
9.870523174614737272e+00 4.204333393481559966e+01 1.000000000000000000e+00
3.781969799054685222e+00 9.508771432846907601e+01 1.000000000000000000e+00
4.991411683626112428e+00 1.275996240419297045e+01 1.000000000000000000e+00
2.207079280373579522e+01 6.155835757203943359e+01 1.000000000000000000e+00
2.545079496568181199e+01 2.398748707101358946e+01 1.000000000000000000e+00
1.804705741921613438e+01 4.365461075008115444e+01 1.000000000000000000e+00
1.228903221128048706e+01 2.148882432968046707e+00 1.000000000000000000e+00
1.896636549942761718e+01 1.694189801867151957e+01 1.000000000000000000e+00
6.836730304693450222e-01 5.856753544023071356e+01 1.000000000000000000e+00
4.182383258218062849e+01 9.792550118630568079e+01 1.000000000000000000e+00
1.945410113553531062e+01 5.810559079000139349e+01 1.000000000000000000e+00
1.669142068021973557e+01 3.736061384656969153e+01 1.000000000000000000e+00
2.303245032928880676e+01 4.002544255451856259e+01 1.000000000000000000e+00
3.173290470348663561e+01 4.272220186165743883e+01 1.000000000000000000e+00
1.217206469345014064e+01 8.752514434400708865e+01 1.000000000000000000e+00
2.687739894374361782e+01 7.348163563654465236e+01 1.000000000000000000e+00
3.573202223295163549e+01 6.768880670590105453e+00 1.000000000000000000e+00
3.073426218549648681e+01 3.044914849293895998e+01 1.000000000000000000e+00
3.625681049666776801e+01 7.572891618141332515e+01 1.000000000000000000e+00
2.514985229329048266e+01 2.547781562796629373e+01 1.000000000000000000e+00
3.961698469941901379e+01 2.117161244569328815e+01 1.000000000000000000e+00
3.222685201688577195e+01 9.419349633084979700e+01 1.000000000000000000e+00
3.771038149339927870e+00 8.421982226202626975e+01 1.000000000000000000e+00
2.770547258639238208e+01 8.105829970109014937e+01 1.000000000000000000e+00
3.044725678621783516e+01 8.940851157682926953e+01 1.000000000000000000e+00
2.578576243009362656e+01 8.621446089652162925e+01 1.000000000000000000e+00
2.518873119174322284e+01 8.338534366496342898e+01 1.000000000000000000e+00
6.731990150071265333e+00 6.395186946322943555e+01 1.000000000000000000e+00
4.229720550919224564e+01 9.159925007671277797e+01 1.000000000000000000e+00
2.466888902619711743e+01 6.726820488249718721e+01 1.000000000000000000e+00
3.287957821209155185e+01 1.879150078001684676e+01 1.000000000000000000e+00
9.909153881197241276e+00 5.124381377346840338e+01 1.000000000000000000e+00
9.721114802032321478e+00 6.076582896964831804e+01 1.000000000000000000e+00
3.221387490074933169e+01 3.906654684058771210e+01 1.000000000000000000e+00
3.742537832266445985e+00 9.505544600594548399e+01 1.000000000000000000e+00
4.440286332648001633e+01 8.744478576579496121e+00 1.000000000000000000e+00
1.921042575011098208e+01 8.385039564485146002e+01 1.000000000000000000e+00
7.081239385961723976e-01 9.386514671922751063e+01 1.000000000000000000e+00
1.759590337856758424e+01 3.281381082220845258e+01 1.000000000000000000e+00
2.616333536056831832e+01 5.589419371384093438e+01 1.000000000000000000e+00
2.515887881210849386e+01 8.258006029599134479e+01 1.000000000000000000e+00
4.801528582684467139e+00 6.651808174657080031e+01 1.000000000000000000e+00
1.736188339008350567e+01 2.732811230240073108e+00 1.000000000000000000e+00
1.761333545292371738e+01 4.489046800424727479e+01 1.000000000000000000e+00
6.789161621582051609e-02 4.054723298140736887e+01 1.000000000000000000e+00
2.647581991861620665e+01 2.918394168559734769e+00 1.000000000000000000e+00
3.406158355619989919e+01 1.402661841196763959e+01 1.000000000000000000e+00
3.063427284914217452e+01 3.655983250682712793e+01 1.000000000000000000e+00
3.178054017924465313e+01 3.546806848800632395e+01 1.000000000000000000e+00
2.207245917528668500e+01 8.137603256454963230e+01 1.000000000000000000e+00
8.711821643149248118e+00 8.584200516068746367e+01 1.000000000000000000e+00
3.628627254456115736e+01 8.846729699574228789e+01 1.000000000000000000e+00
2.971491539229558754e+01 8.493445572264003829e+01 1.000000000000000000e+00
3.720716919592840810e+01 3.700282752757857452e+01 1.000000000000000000e+00
4.502885755897230524e+01 2.577952786948789488e+00 1.000000000000000000e+00
2.993331667946626951e+01 6.193302801084282549e+01 1.000000000000000000e+00
2.346775833909524067e+01 3.305254732659491879e+01 1.000000000000000000e+00
3.743888694538770778e+01 1.625144297479227262e+01 1.000000000000000000e+00
1.974412729711175274e+01 1.807999275397437344e+01 1.000000000000000000e+00
2.929981710652342386e+01 4.936375257254055526e+01 1.000000000000000000e+00
4.461123107011194833e+01 9.200146394966056107e+01 1.000000000000000000e+00
9.237847879339449619e+00 2.928592902944493481e+00 1.000000000000000000e+00
3.092676021363837791e+01 7.478759346125943352e+01 1.000000000000000000e+00
1.019177977436694960e+01 9.342273761055925263e+01 1.000000000000000000e+00
4.404639426909648137e+01 1.473378355237086090e+01 1.000000000000000000e+00
3.454739900378084094e+00 3.283397367610335493e+01 1.000000000000000000e+00
4.570772226964485441e+01 3.785561638726699130e+01 1.000000000000000000e+00
3.824272251995736127e+01 6.972390444428651790e+01 1.000000000000000000e+00
3.644494866995124482e+01 7.273498680982270059e+01 1.000000000000000000e+00
5.116733275643409407e+00 7.941242231783462557e+01 1.000000000000000000e+00
8.357238429382074507e-01 3.506941153200015293e+01 1.000000000000000000e+00
2.778507343918136385e+01 9.496578933372609299e+01 1.000000000000000000e+00
2.226281083816032336e+01 4.981241781474911079e+01 1.000000000000000000e+00
6.350306423880630824e+00 4.271979974752350984e+01 1.000000000000000000e+00
1.001071168355850993e+01 4.823077447274140894e+01 1.000000000000000000e+00
4.779318944047308548e+01 3.035510127907068423e+01 1.000000000000000000e+00
1.744589538500456882e+01 1.301770281101952698e+01 1.000000000000000000e+00
3.368077614746798787e+01 4.585690045272122717e+01 1.000000000000000000e+00
4.562982049194405931e+01 9.224294598392253874e+01 1.000000000000000000e+00
4.246076792033293401e+01 5.665941858365864903e+01 1.000000000000000000e+00
3.055397180512118283e+01 2.263288152438752832e+01 1.000000000000000000e+00
2.794168823661417633e+01 1.731165403887213827e+01 1.000000000000000000e+00
1.649072899178286988e+01 7.163348574168337279e+01 1.000000000000000000e+00
3.280631956043279729e+01 3.554484250114803245e+01 1.000000000000000000e+00
3.825132100585959449e+01 1.285384543106831927e+02 0.000000000000000000e+00
2.660613998969442306e+01 1.072420911245930171e+02 0.000000000000000000e+00
2.331616202372812197e+01 1.413097659967079096e+02 0.000000000000000000e+00
3.858951342545181973e+01 1.478292523019959503e+02 0.000000000000000000e+00
2.319487460321333927e+01 1.220176989491335036e+02 0.000000000000000000e+00
2.053679835869568393e+01 1.374133201345952386e+02 0.000000000000000000e+00
4.803167875683953980e+01 1.430899193664235725e+02 0.000000000000000000e+00
4.449384765184476009e+01 1.299638952866856982e+02 0.000000000000000000e+00
2.912450629998025775e+01 1.487532947026441832e+02 0.000000000000000000e+00
2.900544857541336796e+01 1.325403856822396165e+02 0.000000000000000000e+00
8.289389148748455227e+00 1.082032677918908377e+02 0.000000000000000000e+00
5.637770324114371512e+00 1.169881725169150286e+02 0.000000000000000000e+00
3.004091976745649362e+01 1.050556693321945119e+02 0.000000000000000000e+00
5.435203653826365056e+00 1.159340205943371274e+02 0.000000000000000000e+00
4.894639376246775697e+01 1.249930824575245794e+02 0.000000000000000000e+00
7.847438635121129380e+00 1.369269295765385266e+02 0.000000000000000000e+00
2.333389549681204755e+01 1.434254373898737640e+02 0.000000000000000000e+00
4.090343248560227352e+01 1.128615483788160816e+02 0.000000000000000000e+00
1.939491960046147412e+01 1.310752063659851956e+02 0.000000000000000000e+00
3.379404302960065110e+01 1.045490240834617168e+02 0.000000000000000000e+00
1.101744971211359214e+01 1.260660890821398112e+02 0.000000000000000000e+00
4.732793288542673338e+01 1.318417671789835879e+02 0.000000000000000000e+00
6.963060601322973220e+00 1.382022414037804197e+02 0.000000000000000000e+00
4.101695133277796401e+01 1.012063991730120023e+02 0.000000000000000000e+00
1.373556370964475448e+01 1.165927472826780473e+02 0.000000000000000000e+00
1.122190670173652904e+01 1.116873876489226376e+02 0.000000000000000000e+00
4.268321901013247555e+01 1.126532970992202820e+02 0.000000000000000000e+00
4.478747956743745817e+01 1.295383852213161902e+02 0.000000000000000000e+00
2.207502673265495119e+01 1.181062351929228385e+02 0.000000000000000000e+00
4.098070921597651761e+01 1.129789074714971093e+02 0.000000000000000000e+00
1.538095332382605207e+01 1.020544018871599263e+02 0.000000000000000000e+00
2.457698064205197142e+01 1.081424064839538062e+02 0.000000000000000000e+00
4.644654521546672044e+01 1.171079727096146428e+02 0.000000000000000000e+00
3.711018584612518545e+00 1.336455110053362887e+02 0.000000000000000000e+00
7.983305797617745725e-01 1.216166595088306508e+02 0.000000000000000000e+00
4.121615389761193171e+01 1.464162799844554002e+02 0.000000000000000000e+00
1.142648364027231089e+01 1.410058417991522788e+02 0.000000000000000000e+00
4.729730541078885153e+01 1.102661066134300825e+02 0.000000000000000000e+00
3.687028924599483304e+01 1.045446671261112215e+02 0.000000000000000000e+00
6.135683590152551936e+00 1.325822984236548052e+02 0.000000000000000000e+00
3.360530213215999140e+01 1.123029019992295332e+02 0.000000000000000000e+00
4.149343311417597846e+01 1.022402953376626584e+02 0.000000000000000000e+00
4.939249762176996938e+01 1.495839682377014412e+02 0.000000000000000000e+00
2.831999019074856250e+01 1.479982077099171818e+02 0.000000000000000000e+00
9.685775590985079120e+00 1.356802704164525721e+02 0.000000000000000000e+00
3.333180347034003432e+01 1.204900208158204151e+02 0.000000000000000000e+00
4.521296824096642908e+00 1.292239899187623564e+02 0.000000000000000000e+00
2.046189051754637234e+01 1.036666002874303985e+02 0.000000000000000000e+00
4.058158199087695550e+01 1.421410394309496894e+02 0.000000000000000000e+00
6.378845721645365785e+00 1.402751119309934040e+02 0.000000000000000000e+00
4.001666541501785801e+00 1.405295585453988849e+02 0.000000000000000000e+00
1.214665661882392556e+01 1.139199493662446514e+02 0.000000000000000000e+00
4.751950818323268777e+01 1.154385869453783471e+02 0.000000000000000000e+00
2.750695180757674052e+01 1.359503604576266014e+02 0.000000000000000000e+00
2.181897319866234852e+01 1.129755794780691929e+02 0.000000000000000000e+00
1.250929060594939202e+01 1.358111537765689718e+02 0.000000000000000000e+00
4.341649620282571220e+01 1.191647398393846231e+02 0.000000000000000000e+00
2.175352053942695107e+01 1.104551233508487798e+02 0.000000000000000000e+00
4.766030240255470574e+01 1.194880725678137452e+02 0.000000000000000000e+00
1.285722752843738803e+01 1.306728989951631945e+02 0.000000000000000000e+00
3.153267494185541509e+01 1.063915434873658370e+02 0.000000000000000000e+00
7.624566872673376849e+00 1.134098495444356587e+02 0.000000000000000000e+00
2.185775094263552987e+01 1.355206274987214670e+02 0.000000000000000000e+00
4.028294627395194283e+01 1.422176378856563304e+02 0.000000000000000000e+00
3.837367324427857085e+01 1.448009587329671604e+02 0.000000000000000000e+00
2.489368704529661258e+01 1.459133399900965173e+02 0.000000000000000000e+00
2.191383292163297014e+01 1.397120194330353797e+02 0.000000000000000000e+00
9.883358313829448960e+00 1.010550297654402812e+02 0.000000000000000000e+00
2.511191334758211546e+00 1.453974670903801325e+02 0.000000000000000000e+00
1.691588411191097308e+01 1.077641668156910271e+02 0.000000000000000000e+00
3.733200504349636617e+01 1.080355375036593415e+02 0.000000000000000000e+00
3.233942481528517821e+00 1.344841768503237347e+02 0.000000000000000000e+00
1.578554317001055196e+01 1.427748143770330955e+02 0.000000000000000000e+00
3.231579541935359856e+01 1.123799637583826865e+02 0.000000000000000000e+00
1.017220372187552258e+01 1.356291752396808477e+02 0.000000000000000000e+00
4.620166775893419953e+00 1.429707641026507758e+02 0.000000000000000000e+00
1.335031314527490665e+01 1.190527509586267740e+02 0.000000000000000000e+00
3.947313137317762965e+01 1.193607853249993695e+02 0.000000000000000000e+00
9.056452771633994203e+00 1.443297520783862353e+02 0.000000000000000000e+00
9.723751340665964804e+00 1.484003025016261574e+02 0.000000000000000000e+00
3.726583088886933837e+01 1.282602625697687984e+02 0.000000000000000000e+00
1.029818366936990337e+01 1.224409812322701043e+02 0.000000000000000000e+00
4.186793797182750154e+01 1.369071268446279532e+02 0.000000000000000000e+00
2.612347976480610612e+01 1.120955121844031908e+02 0.000000000000000000e+00
9.819844495551970809e+00 1.133581336112859645e+02 0.000000000000000000e+00
4.589747048702695764e+01 1.373132916077923369e+02 0.000000000000000000e+00
1.744386906086487343e+01 1.470500316636704099e+02 0.000000000000000000e+00
1.277799335194472796e+01 1.163915307782697255e+02 0.000000000000000000e+00
4.237158364786436238e+01 1.483895345603280873e+02 0.000000000000000000e+00
2.500512584450440556e+01 1.290721421858280848e+02 0.000000000000000000e+00
8.601278131333295107e+00 1.047877423021061389e+02 0.000000000000000000e+00
2.285912728170045938e+01 1.413666431152175846e+02 0.000000000000000000e+00
2.477326379833679226e+01 1.386094187518966407e+02 0.000000000000000000e+00
2.791786069251955826e+00 1.130572781267766516e+02 0.000000000000000000e+00
4.004695942967827449e+01 1.334219674000740099e+02 0.000000000000000000e+00
2.246679837465676499e+01 1.356678722702085906e+02 0.000000000000000000e+00
3.678026837734476828e+01 1.276474413150972680e+02 0.000000000000000000e+00
4.845721909759431512e+00 1.114342842179383553e+02 0.000000000000000000e+00
3.366730842111743982e+01 1.062018999058301745e+02 0.000000000000000000e+00
1.340526692294485844e+00 1.411481221050618728e+02 0.000000000000000000e+00
8.017615636195544937e+01 5.713101339577725035e+00 1.000000000000000000e+00
9.786414671491039030e+01 9.257783286751752883e+00 1.000000000000000000e+00
5.704515400277907844e+01 4.346996104359823221e+01 1.000000000000000000e+00
7.493205297090366912e+01 1.757888114766453214e+01 1.000000000000000000e+00
6.392161675570500279e+01 4.219840089473462541e+01 1.000000000000000000e+00
9.007781518593145620e+01 3.249030664109037403e+00 1.000000000000000000e+00
5.419612570275185703e+01 4.778711627790799810e+01 1.000000000000000000e+00
5.440920640135067288e+01 3.389289455546414587e+01 1.000000000000000000e+00
9.053996981267439992e+01 4.711211891238858840e+01 1.000000000000000000e+00
5.866861412228822559e+01 1.209380730752038247e+01 1.000000000000000000e+00
8.209564894572378080e+01 2.158524362001437069e+01 1.000000000000000000e+00
5.383554383941065424e+01 1.182968935032716651e+01 1.000000000000000000e+00
9.666769408337182767e+01 2.864711871472317384e+01 1.000000000000000000e+00
8.125938510492791522e+01 1.416456111535304174e+01 1.000000000000000000e+00
8.688207335893179106e+01 3.098360545678974276e+01 1.000000000000000000e+00
9.535594998205776562e+01 2.669527841923856215e+01 1.000000000000000000e+00
9.935498921802080474e+01 4.283345860300769914e+01 1.000000000000000000e+00
7.703734885777174668e+01 4.943847443676304465e+01 1.000000000000000000e+00
9.929501753631876682e+01 5.583679659199846768e+00 1.000000000000000000e+00
9.364680501384756894e+01 1.889007048071459849e+01 1.000000000000000000e+00
5.328053386943025771e+01 2.523924835563376590e+01 1.000000000000000000e+00
6.152791891823359549e+01 7.168573357350310538e+00 1.000000000000000000e+00
7.857836245700303834e+01 2.207163669697673214e+01 1.000000000000000000e+00
7.694049712182518874e+01 4.191099947373685097e+01 1.000000000000000000e+00
9.599147912316681186e+01 2.799150772872403081e+01 1.000000000000000000e+00
7.684080161617619353e+01 4.218004504433628199e+01 1.000000000000000000e+00
9.694051049192478331e+01 3.540069503410341412e+01 1.000000000000000000e+00
6.596229303465158011e+01 1.339121786401481451e+01 1.000000000000000000e+00
8.875852149512132883e+01 2.296752353711456252e+00 1.000000000000000000e+00
5.832264717681071886e+01 1.334610684317155105e+01 1.000000000000000000e+00
6.977153625597313180e+01 3.426013255719200856e+01 1.000000000000000000e+00
9.459304705905782384e+01 1.756792667498640625e+01 1.000000000000000000e+00
8.606100779530711975e+01 3.224216946586287946e+01 1.000000000000000000e+00
7.083794917903144039e+01 1.661274067038982949e+01 1.000000000000000000e+00
9.899549548448923986e+01 1.787149326098126778e+01 1.000000000000000000e+00
5.236820712210114692e+01 4.552826087508136510e+01 1.000000000000000000e+00
6.053136893925509554e+01 3.536901557107022853e+01 1.000000000000000000e+00
5.454932523585409854e+01 3.204702997924312768e+01 1.000000000000000000e+00
8.883935110109567290e+01 1.343284835406161548e+01 1.000000000000000000e+00
9.560758392755809609e+01 2.256837936337533534e+01 1.000000000000000000e+00
6.562043565754481733e+01 4.786960009391523840e+01 1.000000000000000000e+00
5.762723992233688364e+01 4.029154720025551484e+01 1.000000000000000000e+00
7.734031558317549582e+01 4.904925763144068185e+01 1.000000000000000000e+00
7.310009512694537648e+01 3.828610768463136083e+01 1.000000000000000000e+00
9.247151164938169643e+01 6.077170371177337493e+00 1.000000000000000000e+00
5.910908146488107207e+01 2.041583835974531880e+01 1.000000000000000000e+00
9.033883052348480192e+01 2.069318826946459211e+01 1.000000000000000000e+00
5.299910433757140282e+01 4.149271852118056358e+01 1.000000000000000000e+00
9.373589286652750729e+01 6.414974033663306763e+00 1.000000000000000000e+00
8.441921015836784647e+01 1.583761610992003277e+01 1.000000000000000000e+00
9.263676899456785918e+01 7.022439100534000112e+00 1.000000000000000000e+00
8.737276404975358446e+01 8.450366454266495353e+00 1.000000000000000000e+00
5.565514713536692426e+01 4.387764228580891057e+01 1.000000000000000000e+00
5.824392622268364761e+01 4.859838849674458316e+01 1.000000000000000000e+00
9.299184960733357741e+01 1.699840742878164690e+01 1.000000000000000000e+00
6.320270832891080914e+01 2.802172335718828933e+01 1.000000000000000000e+00
8.995223517209218755e+01 1.449655899921939373e+01 1.000000000000000000e+00
9.545448319163628526e+01 3.707177724766734173e+01 1.000000000000000000e+00
8.315861730080338532e+01 2.043631416459184535e+01 1.000000000000000000e+00
5.902122216126100085e+01 3.114762732753820629e+01 1.000000000000000000e+00
7.102370723820015996e+01 4.098799270781075421e+01 1.000000000000000000e+00
9.340882278735156774e+01 4.123873909845807617e+01 1.000000000000000000e+00
8.568290448025030059e+01 9.764229980587785462e+00 1.000000000000000000e+00
5.912998142315505845e+01 3.124899903838254644e+01 1.000000000000000000e+00
9.301893594966536227e+01 4.791115862890747934e+01 1.000000000000000000e+00
6.701154424667117837e+01 4.806603813849818607e+01 1.000000000000000000e+00
7.948584572836250572e+01 3.278438388420899940e+01 1.000000000000000000e+00
8.896317301257340660e+01 3.438632494015629959e+01 1.000000000000000000e+00
5.125979825671783630e+01 4.528390387338472323e+01 1.000000000000000000e+00
7.695925566776921301e+01 1.523815801320274055e+01 1.000000000000000000e+00
6.506905050756655839e+01 3.777352751585161261e+00 1.000000000000000000e+00
9.805784370875834099e+01 3.078462930967529321e+00 1.000000000000000000e+00
9.118150773158572520e+01 1.753609024630159041e+01 1.000000000000000000e+00
6.158716259501665746e+01 2.384303873154773257e+01 1.000000000000000000e+00
9.646861716078313975e+01 1.883584207816171840e+01 1.000000000000000000e+00
7.539055393971770513e+01 2.437237796576416926e+01 1.000000000000000000e+00
8.495239739674488533e+01 1.329636571366144082e+01 1.000000000000000000e+00
6.496555359615975078e+01 1.293996886465809659e+01 1.000000000000000000e+00
6.312943498042633905e+01 4.132981624645947960e+01 1.000000000000000000e+00
9.408916210508371591e+01 3.024537743675298884e+01 1.000000000000000000e+00
8.243416627417398956e+01 3.818089453927567689e+01 1.000000000000000000e+00
6.383941213482659549e+01 3.682847453084659151e+01 1.000000000000000000e+00
5.718759303810711714e+01 2.584091856624845107e+01 1.000000000000000000e+00
6.526508098897190280e+01 1.320153174712066502e+01 1.000000000000000000e+00
9.989038261126717089e+01 2.629853345922551355e+01 1.000000000000000000e+00
8.784747885653133892e+01 2.640330974627496019e+01 1.000000000000000000e+00
7.743079422385433475e+01 1.744772245592117699e+01 1.000000000000000000e+00
7.079547303573950501e+01 4.555317087634923467e+01 1.000000000000000000e+00
8.324862434095652475e+01 2.900477004783129686e+01 1.000000000000000000e+00
8.587405921504276307e+01 3.744264973464228063e+01 1.000000000000000000e+00
5.722898661029506684e+01 1.172504344595803882e+00 1.000000000000000000e+00
7.645394978548593201e+01 2.657349551569789980e+01 1.000000000000000000e+00
9.885264556627626575e+01 2.283050368758870796e+00 1.000000000000000000e+00
5.574359390200454811e+01 1.730908715329018577e+01 1.000000000000000000e+00
6.112588957615904661e+01 2.572372707102243972e+00 1.000000000000000000e+00
7.333581703434401788e+01 1.430628610083668484e+01 1.000000000000000000e+00
9.444919611042308816e+01 2.637589175315386925e+01 1.000000000000000000e+00
7.519591596663119049e+01 1.377529160468417047e+01 1.000000000000000000e+00
8.599046480374420298e+01 2.757274559219947818e+01 1.000000000000000000e+00
9.370062587833362500e+01 2.286202830305000688e+01 1.000000000000000000e+00
1.211729668355224021e+02 1.655643404075576441e+01 1.000000000000000000e+00
1.037648338150728193e+02 3.664307045203450741e+01 1.000000000000000000e+00
1.439413419490081765e+02 7.122582521787757415e+00 1.000000000000000000e+00
1.244852258747796299e+02 2.796046115312890024e+01 1.000000000000000000e+00
1.182010047724526487e+02 2.418251381674741296e+01 1.000000000000000000e+00
1.274942290363219399e+02 2.626669839516360838e+01 1.000000000000000000e+00
1.112285633030924998e+02 2.617487398478969141e+01 1.000000000000000000e+00
1.458153836294472967e+02 4.072188867603837537e+01 1.000000000000000000e+00
1.184349696021018303e+02 3.535014394189443721e+01 1.000000000000000000e+00
1.341127026208466191e+02 1.226184816259361909e+01 1.000000000000000000e+00
1.378481813230364423e+02 1.106261187377042177e+01 1.000000000000000000e+00
1.082851788454464383e+02 4.429577095848052437e+01 1.000000000000000000e+00
1.261274325929272209e+02 9.800665287749128041e+00 1.000000000000000000e+00
1.495564856088810757e+02 1.850591323628921359e+01 1.000000000000000000e+00
1.022350012130232386e+02 6.952543676087796776e+00 1.000000000000000000e+00
1.267848180176746808e+02 4.407552502208925915e+01 1.000000000000000000e+00
1.017174399500123059e+02 4.265428671070316113e+01 1.000000000000000000e+00
1.484281819586736617e+02 1.922864452803023738e+01 1.000000000000000000e+00
1.183467121251184722e+02 1.033241296187662961e+01 1.000000000000000000e+00
1.224966486644717918e+02 1.953544411424221039e+01 1.000000000000000000e+00
1.266770434704678649e+02 4.270121448308049850e+01 1.000000000000000000e+00
1.128577144818431748e+02 3.483150823204564261e+01 1.000000000000000000e+00
1.314032963786676760e+02 4.268867490695314615e+01 1.000000000000000000e+00
1.218483209910923506e+02 1.752478076721679656e+01 1.000000000000000000e+00
1.389145066395468007e+02 3.975847414692956505e+01 1.000000000000000000e+00
1.328577441141446513e+02 3.782417913297463485e+01 1.000000000000000000e+00
1.437923339725424512e+02 9.571695899138232377e+00 1.000000000000000000e+00
1.039842658431052058e+02 4.646141761248399860e+01 1.000000000000000000e+00
1.266356997487287117e+02 1.361622340704778900e+01 1.000000000000000000e+00
1.285697309553384287e+02 3.507427310713814705e+01 1.000000000000000000e+00
1.145250593918883055e+02 4.145911214971684444e+01 1.000000000000000000e+00
1.121396541022494660e+02 4.606623273331916835e+01 1.000000000000000000e+00
1.024347867817982802e+02 7.744675074042250973e-01 1.000000000000000000e+00
1.380662073216663828e+02 1.612032240915561943e+01 1.000000000000000000e+00
1.167363533418012764e+02 2.368826463389687831e+01 1.000000000000000000e+00
1.133045078477127419e+02 2.590097601199181554e+01 1.000000000000000000e+00
1.407631341536738319e+02 3.766540545537766516e-01 1.000000000000000000e+00
1.190538609456539518e+02 4.003416772161688897e+01 1.000000000000000000e+00
1.241517287393395748e+02 1.952612396865788247e+00 1.000000000000000000e+00
1.226914446761722104e+02 3.682390574613879153e+01 1.000000000000000000e+00
1.297791083495366991e+02 3.521106868592938088e+00 1.000000000000000000e+00
1.141200352154079951e+02 1.686813070481461452e+01 1.000000000000000000e+00
1.320912324486078830e+02 1.447731526489409681e+01 1.000000000000000000e+00
1.367431383157610583e+02 2.744122222545944467e+01 1.000000000000000000e+00
1.139800073277100978e+02 3.949434210327140704e+01 1.000000000000000000e+00
1.041588709862571989e+02 2.846678818392343757e+01 1.000000000000000000e+00
1.186403924515529837e+02 6.570746891081452823e+00 1.000000000000000000e+00
1.309461520086975383e+02 1.027260924346083470e+01 1.000000000000000000e+00
1.425277887643418921e+02 4.780108009017661175e+01 1.000000000000000000e+00
1.012585628087600043e+02 1.791481001118469507e+01 1.000000000000000000e+00
9.980875208653651498e+01 9.442542337915594430e+01 1.000000000000000000e+00
7.456865447545688141e+01 8.836329753363145301e+01 1.000000000000000000e+00
5.310907296922447784e+01 8.929133672268514488e+01 1.000000000000000000e+00
7.294423620268892705e+01 8.464490166444078056e+01 1.000000000000000000e+00
7.280986132010039569e+01 9.196196607614098184e+01 1.000000000000000000e+00
5.265074597331556561e+01 7.887778926206088670e+01 1.000000000000000000e+00
8.925884667618463197e+01 8.757899545378305106e+01 1.000000000000000000e+00
9.760160259115848191e+01 5.485271334675729094e+01 1.000000000000000000e+00
8.086854381786810109e+01 7.478887264290969483e+01 1.000000000000000000e+00
7.343261469917358397e+01 7.521041397809526075e+01 1.000000000000000000e+00
5.879319523419604820e+01 9.342609123033493290e+01 1.000000000000000000e+00
5.184793478430672309e+01 7.609216079422944290e+01 1.000000000000000000e+00
9.394933835852472725e+01 9.017683740473952980e+01 1.000000000000000000e+00
5.988008615564733361e+01 9.009432038907488050e+01 1.000000000000000000e+00
8.312732584731023167e+01 5.370572138748577373e+01 1.000000000000000000e+00
5.699721136999103521e+01 7.885908215359231122e+01 1.000000000000000000e+00
9.018311353511916195e+01 6.678165045704552938e+01 1.000000000000000000e+00
9.015665463442323357e+01 9.748501984580497037e+01 1.000000000000000000e+00
7.415624447808001207e+01 5.556379795279802636e+01 1.000000000000000000e+00
5.748300349786432406e+01 9.422400148995089353e+01 1.000000000000000000e+00
6.242606161560681954e+01 9.475864701674942125e+01 1.000000000000000000e+00
9.863321545107612565e+01 5.603112286406506115e+01 1.000000000000000000e+00
8.911931627241986575e+01 7.125072505466290806e+01 1.000000000000000000e+00
8.932453289609350122e+01 6.407638373791544950e+01 1.000000000000000000e+00
6.766391281218136555e+01 8.888379272201846959e+01 1.000000000000000000e+00
6.673043679264714001e+01 5.730400720742151321e+01 1.000000000000000000e+00
6.748104052159808930e+01 7.419018105793061579e+01 1.000000000000000000e+00
6.369142025768765336e+01 9.317025453556112780e+01 1.000000000000000000e+00
9.500625115710839452e+01 9.130717858260217668e+01 1.000000000000000000e+00
9.903335923058618562e+01 7.110282010967475230e+01 1.000000000000000000e+00
7.430870956008300254e+01 7.532331276228606498e+01 1.000000000000000000e+00
5.968220993995322488e+01 8.267981977941576588e+01 1.000000000000000000e+00
5.814310925756055326e+01 9.212781788772349501e+01 1.000000000000000000e+00
8.236431904810459059e+01 8.396839057171894183e+01 1.000000000000000000e+00
9.665746557138638195e+01 5.688535749116557838e+01 1.000000000000000000e+00
8.678985568229006731e+01 8.033490949879185905e+01 1.000000000000000000e+00
6.879055229795821447e+01 5.985263468710992640e+01 1.000000000000000000e+00
8.231727492186520578e+01 6.074649475094847162e+01 1.000000000000000000e+00
7.669886209365449758e+01 7.130185337173013238e+01 1.000000000000000000e+00
9.159883468176084875e+01 9.149165497337637021e+01 1.000000000000000000e+00
5.975566034924834469e+01 6.396249782596140676e+01 1.000000000000000000e+00
9.106533208804148671e+01 6.813712936211253179e+01 1.000000000000000000e+00
6.905875212919144701e+01 8.418872031242506182e+01 1.000000000000000000e+00
5.948737411878372683e+01 5.715455462479938120e+01 1.000000000000000000e+00
7.866654912289214963e+01 5.952595320354113539e+01 1.000000000000000000e+00
6.573433984575125066e+01 7.173818715219296394e+01 1.000000000000000000e+00
9.219796070331349824e+01 9.467864837196633232e+01 1.000000000000000000e+00
8.222224589540732609e+01 8.120605353233246149e+01 1.000000000000000000e+00
8.777902826654941748e+01 7.337464845547862069e+01 1.000000000000000000e+00
9.241883187872701910e+01 9.074552346565010907e+01 1.000000000000000000e+00
6.798981117446224687e+01 7.250262136376171895e+01 1.000000000000000000e+00
8.409015999553403731e+01 9.710446603117782161e+01 1.000000000000000000e+00
9.827251526487174260e+01 9.927249535825828275e+01 1.000000000000000000e+00
5.896710539127501249e+01 7.605517254595083898e+01 1.000000000000000000e+00
8.862734302331239178e+01 5.818549145413820156e+01 1.000000000000000000e+00
7.707649703694559662e+01 6.705527368517762454e+01 1.000000000000000000e+00
7.577800753662084787e+01 7.736622386908805993e+01 1.000000000000000000e+00
6.076701336886979021e+01 7.057363647869092915e+01 1.000000000000000000e+00
8.633255759784705674e+01 8.349636587035791990e+01 1.000000000000000000e+00
8.675013205348983547e+01 8.254844450696568003e+01 1.000000000000000000e+00
6.258098774383768159e+01 8.152802091638490367e+01 1.000000000000000000e+00
8.733188888459440591e+01 8.550569990962098643e+01 1.000000000000000000e+00
7.232734944151137313e+01 8.984583149288710047e+01 1.000000000000000000e+00
7.870260987503519345e+01 6.681894100732199604e+01 1.000000000000000000e+00
8.628185332955800391e+01 6.371499698300709724e+01 1.000000000000000000e+00
6.923450451619909529e+01 6.088649437137627274e+01 1.000000000000000000e+00
5.353115266168580888e+01 7.847247272999227619e+01 1.000000000000000000e+00
6.240072232439744937e+01 9.480751030617078356e+01 1.000000000000000000e+00
6.314583455135496592e+01 6.648029262247729321e+01 1.000000000000000000e+00
5.147494975157940189e+01 6.610233186913805525e+01 1.000000000000000000e+00
9.899718056671608224e+01 7.203230760185489601e+01 1.000000000000000000e+00
8.647045149651771112e+01 9.449318267848394726e+01 1.000000000000000000e+00
8.909339379663279601e+01 5.470915282700232041e+01 1.000000000000000000e+00
7.276306187739901077e+01 6.262305966009459013e+01 1.000000000000000000e+00
7.440288067784250359e+01 5.369426537072514805e+01 1.000000000000000000e+00
9.994784460574913965e+01 8.843689237139760451e+01 1.000000000000000000e+00
8.901287199250290882e+01 7.978606059371352899e+01 1.000000000000000000e+00
8.179788231984755953e+01 9.544488892694346305e+01 1.000000000000000000e+00
7.321768173779582867e+01 8.549803192958697196e+01 1.000000000000000000e+00
7.876600240465049296e+01 7.221457917545846783e+01 1.000000000000000000e+00
8.454617023089713257e+01 9.031025284935928710e+01 1.000000000000000000e+00
7.324367463539729783e+01 5.690284517691648603e+01 1.000000000000000000e+00
8.909657709031964146e+01 6.118370895223102934e+01 1.000000000000000000e+00
9.204911295876345889e+01 8.943674892627282702e+01 1.000000000000000000e+00
8.884045206213730239e+01 7.656133311722332735e+01 1.000000000000000000e+00
5.212446181489589492e+01 7.005317765621990134e+01 1.000000000000000000e+00
8.463330789627696049e+01 9.842388763598430046e+01 1.000000000000000000e+00
9.102288154572622147e+01 7.052116352984036496e+01 1.000000000000000000e+00
9.303949323264919258e+01 6.584767615416838282e+01 1.000000000000000000e+00
5.777515098202592014e+01 6.842963505893047227e+01 1.000000000000000000e+00
8.162009175687555285e+01 6.949520986285665458e+01 1.000000000000000000e+00
9.652324710065693125e+01 8.472317040829453560e+01 1.000000000000000000e+00
8.592559252148011240e+01 8.470123104005729431e+01 1.000000000000000000e+00
7.767145140452058172e+01 7.339004712876472070e+01 1.000000000000000000e+00
6.805276374975588283e+01 6.286362363573927325e+01 1.000000000000000000e+00
7.736895189202253675e+01 9.895067900909185710e+01 1.000000000000000000e+00
9.693222185028233184e+01 6.157623006463260396e+01 1.000000000000000000e+00
5.699103410183724350e+01 6.091614603786069893e+01 1.000000000000000000e+00
6.012553324829355006e+01 5.795831481439441291e+01 1.000000000000000000e+00
8.145335633455954394e+01 8.656220443936803122e+01 1.000000000000000000e+00
8.531420046059136553e+01 1.399497665153299693e+02 1.000000000000000000e+00
7.049164532545336215e+01 1.200389357999135029e+02 1.000000000000000000e+00
6.923802925715320100e+01 1.371595410627074330e+02 1.000000000000000000e+00
7.839705186308444240e+01 1.214028863904947855e+02 1.000000000000000000e+00
8.988157758783239615e+01 1.482801443688741756e+02 1.000000000000000000e+00
5.697474882218074299e+01 1.416716594620636727e+02 1.000000000000000000e+00
5.439734057917934251e+01 1.291800099210823873e+02 1.000000000000000000e+00
7.051661859219139217e+01 1.477967375315670040e+02 1.000000000000000000e+00
5.495884814333216895e+01 1.299009893619395939e+02 1.000000000000000000e+00
5.323640428092715382e+01 1.440563489506343160e+02 1.000000000000000000e+00
9.742155379807435622e+01 1.374959063858190689e+02 1.000000000000000000e+00
6.186295591512819669e+01 1.442837409040451462e+02 1.000000000000000000e+00
8.503582902067520877e+01 1.486344402571442913e+02 1.000000000000000000e+00
9.334601340709055250e+01 1.127942573967168869e+02 1.000000000000000000e+00
7.515817428878685291e+01 1.052576306184467967e+02 1.000000000000000000e+00
6.877438870678327021e+01 1.180767778635146783e+02 1.000000000000000000e+00
9.068844590173276288e+01 1.229991256685093930e+02 1.000000000000000000e+00
5.143441844578537570e+01 1.166945452742103697e+02 1.000000000000000000e+00
7.498913592828735375e+01 1.158116475489867696e+02 1.000000000000000000e+00
6.358001421170870771e+01 1.046076543268752488e+02 1.000000000000000000e+00
7.534216330920543214e+01 1.440362300213373601e+02 1.000000000000000000e+00
5.418275984751289087e+01 1.413201624867747910e+02 1.000000000000000000e+00
8.993068013533275007e+01 1.458813680704175511e+02 1.000000000000000000e+00
5.317597813226021941e+01 1.475760244991272998e+02 1.000000000000000000e+00
8.367776998869396721e+01 1.122140226919609489e+02 1.000000000000000000e+00
6.950679749825809495e+01 1.468798683043723372e+02 1.000000000000000000e+00
6.736930588159920319e+01 1.014347069060335969e+02 1.000000000000000000e+00
8.608768271996763133e+01 1.105713289009385107e+02 1.000000000000000000e+00
5.778410505068252689e+01 1.375609465646547847e+02 1.000000000000000000e+00
6.038555382848237940e+01 1.423568045443149401e+02 1.000000000000000000e+00
8.130656588267265761e+01 1.215754248075925403e+02 1.000000000000000000e+00
7.344800730078361539e+01 1.142929437998187012e+02 1.000000000000000000e+00
6.112834630939180158e+01 1.100719288269799989e+02 1.000000000000000000e+00
5.388509664026756951e+01 1.245394923258749884e+02 1.000000000000000000e+00
8.602688673911660544e+01 1.425667582513099205e+02 1.000000000000000000e+00
5.450227400046808413e+01 1.249545632686679681e+02 1.000000000000000000e+00
5.963002414770294024e+01 1.250419527023118604e+02 1.000000000000000000e+00
6.553337556750106785e+01 1.275536215945930394e+02 1.000000000000000000e+00
9.919992722825300291e+01 1.243732093348113068e+02 1.000000000000000000e+00
5.338609582364537687e+01 1.326121718646665215e+02 1.000000000000000000e+00
5.575203020586855018e+01 1.274172792290023892e+02 1.000000000000000000e+00
7.314469121785654693e+01 1.341142675192900811e+02 1.000000000000000000e+00
8.571574225161623417e+01 1.498840429276808948e+02 1.000000000000000000e+00
9.319940530844871773e+01 1.421423202364219378e+02 1.000000000000000000e+00
5.285239734325442384e+01 1.197456997100966731e+02 1.000000000000000000e+00
6.301318131578199910e+01 1.320901295076253916e+02 1.000000000000000000e+00
9.919220802303755136e+01 1.250147884545210104e+02 1.000000000000000000e+00
8.430997104461968661e+01 1.024252996718554272e+02 1.000000000000000000e+00
8.014508954700710319e+01 1.088926564925209135e+02 1.000000000000000000e+00
6.559964970672693596e+01 1.285067415034084775e+02 1.000000000000000000e+00
7.802736346025595537e+01 1.032347543028384678e+02 1.000000000000000000e+00
5.937280460211412247e+01 1.421002835999943841e+02 1.000000000000000000e+00
6.352194754067544835e+01 1.340387532692498382e+02 1.000000000000000000e+00
9.556196755535931686e+01 1.120164183759655145e+02 1.000000000000000000e+00
9.641884366019064601e+01 1.441751325832463806e+02 1.000000000000000000e+00
9.645711888303905823e+01 1.012473256322007842e+02 1.000000000000000000e+00
9.644997619922116883e+01 1.255697364379728072e+02 1.000000000000000000e+00
6.462816818194971802e+01 1.041280628572094997e+02 1.000000000000000000e+00
8.356824015842632036e+01 1.456429769681307107e+02 1.000000000000000000e+00
7.186725508263124595e+01 1.253309741199149840e+02 1.000000000000000000e+00
6.135420744728723719e+01 1.375201040486584247e+02 1.000000000000000000e+00
8.247592133788792523e+01 1.438247487025398357e+02 1.000000000000000000e+00
5.246787593047129405e+01 1.488492958816276257e+02 1.000000000000000000e+00
7.622728994026127225e+01 1.128721215322161555e+02 1.000000000000000000e+00
6.054131693393983937e+01 1.106524899376396860e+02 1.000000000000000000e+00
8.101162924137625510e+01 1.141248977142392391e+02 1.000000000000000000e+00
6.148028767114496418e+01 1.237158506585167004e+02 1.000000000000000000e+00
8.774471573392251855e+01 1.241215770745215252e+02 1.000000000000000000e+00
6.785136454217735036e+01 1.240841423242435013e+02 1.000000000000000000e+00
8.838574358032039413e+01 1.243633004356385356e+02 1.000000000000000000e+00
9.894644286894029506e+01 1.318638981733438982e+02 1.000000000000000000e+00
6.652265156846529237e+01 1.448708268579782157e+02 1.000000000000000000e+00
8.821558391591480586e+01 1.078407594309495323e+02 1.000000000000000000e+00
6.881345312656728197e+01 1.326777752928740313e+02 1.000000000000000000e+00
7.045801106983597606e+01 1.498276746420559675e+02 1.000000000000000000e+00
9.271960498708165233e+01 1.354787964034487686e+02 1.000000000000000000e+00
9.865730284141285722e+01 1.104588187064584872e+02 1.000000000000000000e+00
7.320911499102216169e+01 1.481705831244082674e+02 1.000000000000000000e+00
6.821838811950688353e+01 1.186864293850579486e+02 1.000000000000000000e+00
6.830474350202291589e+01 1.467948365997720543e+02 1.000000000000000000e+00
8.238779575413940393e+01 1.441386226093746075e+02 1.000000000000000000e+00
6.976449108479999950e+01 1.306126455802128419e+02 1.000000000000000000e+00
5.751032073679227352e+01 1.398923968200104184e+02 1.000000000000000000e+00
5.905372309727904678e+01 1.046258342954588301e+02 1.000000000000000000e+00
5.212972951843996583e+01 1.053396700367125050e+02 1.000000000000000000e+00
5.515681045604174670e+01 1.493822594142715730e+02 1.000000000000000000e+00
7.711930022287114639e+01 1.153832890738051447e+02 1.000000000000000000e+00
8.278372466310119648e+01 1.416989088250608688e+02 1.000000000000000000e+00
6.346417504880740523e+01 1.304259978307644872e+02 1.000000000000000000e+00
5.111558399819634246e+01 1.373519688094582420e+02 1.000000000000000000e+00
6.962014125713112378e+01 1.301432945971947674e+02 1.000000000000000000e+00
5.775006792911639764e+01 1.098680506662665977e+02 1.000000000000000000e+00
5.662012805337911914e+01 1.306115002419037694e+02 1.000000000000000000e+00
8.507095357190885920e+01 1.449080585190621662e+02 1.000000000000000000e+00
7.444343942830926153e+01 1.223598329680691847e+02 1.000000000000000000e+00
8.034543307811939883e+01 1.499304103859299744e+02 1.000000000000000000e+00
7.239886769122443866e+01 1.214188837045872731e+02 1.000000000000000000e+00
8.365668588129960881e+01 1.079189927426749875e+02 1.000000000000000000e+00
6.119147217796588478e+01 1.361692667600229640e+02 1.000000000000000000e+00
8.062168447748483402e+01 1.446020798914961460e+02 1.000000000000000000e+00
1.085199651703744621e+02 8.775835769956148624e+01 0.000000000000000000e+00
1.107182533192142699e+02 6.883343989859717738e+01 0.000000000000000000e+00
1.177936225586238237e+02 6.130521225970042565e+01 0.000000000000000000e+00
1.223266066690703724e+02 7.318953329892795523e+01 0.000000000000000000e+00
1.307712202787384115e+02 6.991352232919538778e+01 0.000000000000000000e+00
1.211137369034436659e+02 6.772202623323273940e+01 0.000000000000000000e+00
1.460118798288598327e+02 7.960897034406157502e+01 0.000000000000000000e+00
1.034844051192634993e+02 6.433025522201968727e+01 0.000000000000000000e+00
1.098795040652560004e+02 9.980900364011704085e+01 0.000000000000000000e+00
1.030852690629164385e+02 7.161241077806884903e+01 0.000000000000000000e+00
1.377632990548538601e+02 8.626208768721413378e+01 0.000000000000000000e+00
1.031215422855910901e+02 6.569356520661689558e+01 0.000000000000000000e+00
1.016022735231446603e+02 9.313417092353745375e+01 0.000000000000000000e+00
1.209684730349749628e+02 7.589299965943924065e+01 0.000000000000000000e+00
1.019035691323434634e+02 9.098456025245006629e+01 0.000000000000000000e+00
1.187748249895655448e+02 9.532853071405632761e+01 0.000000000000000000e+00
1.072094377657350321e+02 8.599015176172842700e+01 0.000000000000000000e+00
1.400373108237488395e+02 8.079805537740452337e+01 0.000000000000000000e+00
1.251780318385963113e+02 5.511142498000217671e+01 0.000000000000000000e+00
1.138348747418494895e+02 9.125224489762896951e+01 0.000000000000000000e+00
1.415397564132300943e+02 8.450993018729481321e+01 0.000000000000000000e+00
1.266421178772241234e+02 8.629369376701419014e+01 0.000000000000000000e+00
1.279010363139744726e+02 6.179401805567829342e+01 0.000000000000000000e+00
1.276122214078719423e+02 8.745067798783306046e+01 0.000000000000000000e+00
1.040704055007408613e+02 6.207313112317974202e+01 0.000000000000000000e+00
1.290932122174311587e+02 7.471214412138078842e+01 0.000000000000000000e+00
1.228331364819516551e+02 5.485557810949966751e+01 0.000000000000000000e+00
1.376864699436229955e+02 5.136130090041614693e+01 0.000000000000000000e+00
1.367445948873861710e+02 8.301848150573773921e+01 0.000000000000000000e+00
1.490522766708766085e+02 6.582644415254745240e+01 0.000000000000000000e+00
1.479141559891650388e+02 7.473022649465913503e+01 0.000000000000000000e+00
1.369639811413125585e+02 6.375304731632794386e+01 0.000000000000000000e+00
1.192672631598780981e+02 7.040747764671530717e+01 0.000000000000000000e+00
1.434010040315526737e+02 9.041261517400542402e+01 0.000000000000000000e+00
1.041529200801364254e+02 8.316053358317316224e+01 0.000000000000000000e+00
1.170493287715154480e+02 5.635751408202695245e+01 0.000000000000000000e+00
1.163724924282470994e+02 9.325430920706641302e+01 0.000000000000000000e+00
1.358703898259661855e+02 7.397689796655620853e+01 0.000000000000000000e+00
1.031509136089533598e+02 8.291689514120163551e+01 0.000000000000000000e+00
1.010552631538437112e+02 7.922242172038571084e+01 0.000000000000000000e+00
1.087646697982778932e+02 9.257982386718558132e+01 0.000000000000000000e+00
1.234506921558197092e+02 6.789107067246860083e+01 0.000000000000000000e+00
1.362120078476546041e+02 7.325729245434206405e+01 0.000000000000000000e+00
1.341160950224626163e+02 9.456622284028888714e+01 0.000000000000000000e+00
1.128623506829687528e+02 8.659062993359178506e+01 0.000000000000000000e+00
1.278544449977552517e+02 9.513800482575240380e+01 0.000000000000000000e+00
1.182353288542084471e+02 5.870047957153151685e+01 0.000000000000000000e+00
1.472967147184500618e+02 9.769219403104773392e+01 0.000000000000000000e+00
1.427365232034524070e+02 6.892471664757452743e+01 0.000000000000000000e+00
1.382390233081682140e+02 8.224032603592462465e+01 0.000000000000000000e+00
1.063514986348447309e+02 7.021826574927227682e+01 0.000000000000000000e+00
1.256862098511908812e+02 7.476242773481044424e+01 0.000000000000000000e+00
1.023680706494614441e+02 6.962597517845362916e+01 0.000000000000000000e+00
1.342507250429980843e+02 8.312155235827832200e+01 0.000000000000000000e+00
1.070167488427422029e+02 7.399679542267388399e+01 0.000000000000000000e+00
1.399370084453020127e+02 6.927148140999828740e+01 0.000000000000000000e+00
1.237720556299821624e+02 7.149008687010240237e+01 0.000000000000000000e+00
1.383880557009218251e+02 6.674333726262663902e+01 0.000000000000000000e+00
1.032877715960034237e+02 5.401172492174799800e+01 0.000000000000000000e+00
1.392591916538222563e+02 5.910845165056770156e+01 0.000000000000000000e+00
1.111939200388239044e+02 6.123857355881458631e+01 0.000000000000000000e+00
1.065978173625543235e+02 8.709374378227573743e+01 0.000000000000000000e+00
1.111791127520156977e+02 8.202414494632390074e+01 0.000000000000000000e+00
1.235329652110110175e+02 9.236834975130739167e+01 0.000000000000000000e+00
1.403939386120794950e+02 7.830250021625091961e+01 0.000000000000000000e+00
1.287904125868701612e+02 6.746120289545117998e+01 0.000000000000000000e+00
1.060257576588747099e+02 7.207242903164075187e+01 0.000000000000000000e+00
1.327253431372347166e+02 9.315688319700916509e+01 0.000000000000000000e+00
1.281193858269643329e+02 8.739208568081451745e+01 0.000000000000000000e+00
1.465938263190298017e+02 7.986161962074602627e+01 0.000000000000000000e+00
1.445279308724832390e+02 8.880846892592943220e+01 0.000000000000000000e+00
1.108649379624083622e+02 9.941241290844843093e+01 0.000000000000000000e+00
1.152654309442370675e+02 9.842337238007419842e+01 0.000000000000000000e+00
1.237707543738520855e+02 7.189126634191519827e+01 0.000000000000000000e+00
1.151568147576385144e+02 7.757536976323058298e+01 0.000000000000000000e+00
1.028851963752402838e+02 7.790769168322962912e+01 0.000000000000000000e+00
1.047317770678719882e+02 7.265382898593689731e+01 0.000000000000000000e+00
1.118622366119811318e+02 8.892198201204425345e+01 0.000000000000000000e+00
1.046923020505855533e+02 6.057274078642738857e+01 0.000000000000000000e+00
1.255348219957434992e+02 7.808180459610075275e+01 0.000000000000000000e+00
1.189287439030235021e+02 8.578631466937846994e+01 0.000000000000000000e+00
1.312813053133564267e+02 5.616996562189812892e+01 0.000000000000000000e+00
1.091009354011955423e+02 7.771339094350751964e+01 0.000000000000000000e+00
1.363820246560458145e+02 9.886591467864573701e+01 0.000000000000000000e+00
1.064878021410415414e+02 8.982746579521678143e+01 0.000000000000000000e+00
1.027294579719601870e+02 6.553661923706641801e+01 0.000000000000000000e+00
1.397955980875316868e+02 7.139655664205014318e+01 0.000000000000000000e+00
1.227007189068950481e+02 9.395353514455038635e+01 0.000000000000000000e+00
1.241133253352169135e+02 5.809287997031314177e+01 0.000000000000000000e+00
1.264239292278039102e+02 6.564179767416327138e+01 0.000000000000000000e+00
1.146943092200502861e+02 8.037600418271307490e+01 0.000000000000000000e+00
1.251634822965834530e+02 5.611067658108208889e+01 0.000000000000000000e+00
1.278025987251641311e+02 7.966856443416966727e+01 0.000000000000000000e+00
1.440193539215290457e+02 6.813940385357341256e+01 0.000000000000000000e+00
1.333406159779590894e+02 9.424524111043001540e+01 0.000000000000000000e+00
1.257271862185176872e+02 7.371659001382190013e+01 0.000000000000000000e+00
1.258279411346764647e+02 7.812742270269227163e+01 0.000000000000000000e+00
1.345958888440688099e+02 9.703595359567769663e+01 0.000000000000000000e+00
1.079163057073625680e+02 7.488342860457126449e+01 0.000000000000000000e+00
1.036569015980435324e+02 8.906530004774504050e+01 0.000000000000000000e+00
1.465835301730157880e+02 1.289923856070753914e+02 1.000000000000000000e+00
1.032317205234648441e+02 1.188059924752755023e+02 1.000000000000000000e+00
1.498299079649937653e+02 1.407651084658820935e+02 1.000000000000000000e+00
1.031070304589059106e+02 1.241617864599463417e+02 1.000000000000000000e+00
1.015152242876892501e+02 1.423356997374444290e+02 1.000000000000000000e+00
1.198864560498166156e+02 1.359420086237377348e+02 1.000000000000000000e+00
1.077768629695309244e+02 1.324434633854160666e+02 1.000000000000000000e+00
1.114562890884544117e+02 1.118504606745266869e+02 1.000000000000000000e+00
1.069164707751568386e+02 1.259353569856261714e+02 1.000000000000000000e+00
1.021740348357171371e+02 1.219599324838128069e+02 1.000000000000000000e+00
1.169198776148046193e+02 1.483333411966740130e+02 1.000000000000000000e+00
1.194799983902320690e+02 1.231157219784889207e+02 1.000000000000000000e+00
1.108179505237096407e+02 1.070681017132900763e+02 1.000000000000000000e+00
1.364336899417961604e+02 1.066663083048219107e+02 1.000000000000000000e+00
1.397099665642696777e+02 1.419333546093405971e+02 1.000000000000000000e+00
1.183907854839334846e+02 1.360767086997356614e+02 1.000000000000000000e+00
1.064636586343702902e+02 1.293452625055597025e+02 1.000000000000000000e+00
1.251558543103404872e+02 1.430705781265471046e+02 1.000000000000000000e+00
1.266592632460542660e+02 1.472430460014397511e+02 1.000000000000000000e+00
1.255627677108237776e+02 1.455319364651413139e+02 1.000000000000000000e+00
1.492088642259718370e+02 1.178493340972363228e+02 1.000000000000000000e+00
1.139914770640953208e+02 1.373805694006268254e+02 1.000000000000000000e+00
1.475540897250154444e+02 1.476517970448034305e+02 1.000000000000000000e+00
1.314954196129052661e+02 1.144776260658771321e+02 1.000000000000000000e+00
1.305678653836181411e+02 1.199187690351841553e+02 1.000000000000000000e+00
1.427357760733661962e+02 1.060966121410856857e+02 1.000000000000000000e+00
1.398117382337530614e+02 1.492740110337270494e+02 1.000000000000000000e+00
1.462089494052403609e+02 1.121540140942804271e+02 1.000000000000000000e+00
1.281774306492316100e+02 1.257972914879768780e+02 1.000000000000000000e+00
1.191287595951415881e+02 1.127681339232800894e+02 1.000000000000000000e+00
1.094450584023549169e+02 1.296339651852723307e+02 1.000000000000000000e+00
1.494491524274273502e+02 1.279954104070377667e+02 1.000000000000000000e+00
1.392341045963329407e+02 1.406519874503092353e+02 1.000000000000000000e+00
1.336519895076518196e+02 1.295466336980208268e+02 1.000000000000000000e+00
1.380748059100599789e+02 1.023286721933514229e+02 1.000000000000000000e+00
1.330087424042789905e+02 1.099534211150669876e+02 1.000000000000000000e+00
1.424957338538974909e+02 1.013948307119122489e+02 1.000000000000000000e+00
1.371912883790992055e+02 1.386457855658585743e+02 1.000000000000000000e+00
1.261136666415868035e+02 1.232350158271688940e+02 1.000000000000000000e+00
1.258498316748122932e+02 1.498035986706870517e+02 1.000000000000000000e+00
1.286385100942510178e+02 1.226133809560106158e+02 1.000000000000000000e+00
1.356893875022693408e+02 1.267906665134065065e+02 1.000000000000000000e+00
1.233898159256306570e+02 1.118120951879445641e+02 1.000000000000000000e+00
1.029690604719407787e+02 1.379210813395744424e+02 1.000000000000000000e+00
1.134458889084400681e+02 1.305414263918630127e+02 1.000000000000000000e+00
1.483620119753855704e+02 1.034346162503883164e+02 1.000000000000000000e+00
1.158053847652462309e+02 1.172763283091716175e+02 1.000000000000000000e+00
1.240266832930296346e+02 1.467571836529912446e+02 1.000000000000000000e+00
1.140720922743505099e+02 1.395153956946840879e+02 1.000000000000000000e+00
1.310780868280895106e+02 1.088491278788178818e+02 1.000000000000000000e+00
1.125018527616143302e+02 1.087721656822506731e+02 1.000000000000000000e+00
1.060047250839337352e+02 1.462030269217630405e+02 1.000000000000000000e+00
1.315327733898282361e+02 1.373074355463627114e+02 1.000000000000000000e+00
1.125636674788956100e+02 1.493905759870033876e+02 1.000000000000000000e+00
1.363464263837528563e+02 1.173354773026516398e+02 1.000000000000000000e+00
1.154833058491795583e+02 1.313477527977044019e+02 1.000000000000000000e+00
1.392235167980417430e+02 1.491184469409326709e+02 1.000000000000000000e+00
1.253536054943066915e+02 1.498714961621888051e+02 1.000000000000000000e+00
1.029401733135523642e+02 1.068275947903549081e+02 1.000000000000000000e+00
1.302013122861426098e+02 1.038526512675104385e+02 1.000000000000000000e+00
1.085249769536655293e+02 1.183391347031531069e+02 1.000000000000000000e+00
1.347547199942854945e+02 1.032083750965770008e+02 1.000000000000000000e+00
1.081082250170469337e+02 1.480269397681418582e+02 1.000000000000000000e+00
1.443370490697001571e+02 1.058429859853123105e+02 1.000000000000000000e+00
1.487167931586352267e+02 1.167463615021612782e+02 1.000000000000000000e+00
1.275866731578812221e+02 1.253032581584829188e+02 1.000000000000000000e+00
1.293666397467355011e+02 1.128599856049767283e+02 1.000000000000000000e+00
1.192420499705832810e+02 1.391284691197647589e+02 1.000000000000000000e+00
1.075986686675729800e+02 1.056168674762628257e+02 1.000000000000000000e+00
1.409756497427200088e+02 1.488209976233397356e+02 1.000000000000000000e+00
1.312091562518278920e+02 1.241122659341272367e+02 1.000000000000000000e+00
1.338774083016598695e+02 1.233889323618314791e+02 1.000000000000000000e+00
1.041831526165145760e+02 1.116138678395055877e+02 1.000000000000000000e+00
1.092877163300297951e+02 1.489314035404389642e+02 1.000000000000000000e+00
1.348674564760186740e+02 1.024222705138718084e+02 1.000000000000000000e+00
1.325609661258350798e+02 1.276061709888270173e+02 1.000000000000000000e+00
1.483447768776017881e+02 1.383932419234040481e+02 1.000000000000000000e+00
1.248421936475472478e+02 1.349082512543826624e+02 1.000000000000000000e+00
1.496695153387280754e+02 1.138021301779645142e+02 1.000000000000000000e+00
1.489251296452704310e+02 1.185827791135640439e+02 1.000000000000000000e+00
1.216622703145464897e+02 1.461737439209130685e+02 1.000000000000000000e+00
1.380680667694717556e+02 1.455480811971978312e+02 1.000000000000000000e+00
1.118547959143470791e+02 1.297808383904670109e+02 1.000000000000000000e+00
1.125675722677501653e+02 1.205717456488325325e+02 1.000000000000000000e+00
1.139535654466719450e+02 1.373727859294546363e+02 1.000000000000000000e+00
1.021824167909952195e+02 1.231390000285437054e+02 1.000000000000000000e+00
1.021019943639104639e+02 1.311902240353227000e+02 1.000000000000000000e+00
1.366801694162622312e+02 1.187954112719082644e+02 1.000000000000000000e+00
1.077269614572020373e+02 1.079352300540484464e+02 1.000000000000000000e+00
1.485646811114131367e+02 1.187667188069056721e+02 1.000000000000000000e+00
1.462290464401346810e+02 1.198338091593700057e+02 1.000000000000000000e+00
1.279541017427772545e+02 1.306962387690626599e+02 1.000000000000000000e+00
1.468821749569623307e+02 1.394343607059479098e+02 1.000000000000000000e+00
1.081788895186099779e+02 1.305977457126920456e+02 1.000000000000000000e+00
1.227777771639661353e+02 1.374595032418191352e+02 1.000000000000000000e+00
1.023337024691954724e+02 1.146953547674491318e+02 1.000000000000000000e+00
1.201745079654365043e+02 1.460172505725535075e+02 1.000000000000000000e+00
1.271370423213958816e+02 1.444847465976773719e+02 1.000000000000000000e+00
1.462699218386967459e+02 1.339756468576213990e+02 1.000000000000000000e+00
1.268324058834614334e+02 1.368038593813131456e+02 1.000000000000000000e+00
